66601
71128
34165
25758
86304
6724
37188
537
35448
81367
25269
35173
80281
36232
75252
27140
8969
49812
94493
68970
74995
18515
36079
82519
68020
33940
84869
22545
16486
29205
63407
40930
33683
88225
57497
55270
73710
28899
97528
52214
81990
16270
96793
54777
5620
38977
59820
39065
75807
9490
78221
62764
45156
80561
21359
9726
54483
60915
96120
62968
43878
84234
39722
32993
4473
28711
98814
76144
52630
40845
64869
18882
93172
10722
9839
43846
72667
84173
81458
83590
74074
89487
21702
93516
12701
70012
13580
30298
42259
85621
32422
31625
93709
96448
25994
59768
31140
70267
55519
31179
69751
71012
10894
90762
65508
73577
98720
12203
2697
1971
89645
95892
20427
95167
77837
15081
13652
85371
45761
71494
32701
60460
63448
18855
81119
41347
83788
11595
8994
17906
55290
55927
43258
21043
1071
45129
83639
49107
98973
30216
1280
8691
85756
89377
3492
83936
83210
86038
15785
76114
78436
35901
41875
5523
99585
72123
79728
7139
17102
89295
30590
2227
45634
80348
35601
85778
97259
13012
68661
72465
55545
16204
34413
34792
81182
45702
83859
97815
11073
93217
56750
80705
63870
74742
72252
87309
43347
54014
7859
29606
85818
32130
32444
627
95288
24781
60575
59175
84152
76982
5785
24965
55242
70867
59078
78024
82758
5470
11402
76290
53372
32180
89471
80864
37936
28273
89057
26477
94230
34331
70054
78970
59365
98986
23077
93634
8615
25264
76407
11537
37518
2976
96867
92797
69674
35097
21647
5094
83161
1931
67163
69408
74179
53949
75604
22636
1556
17528
83672
50655
86378
89064
19483
40455
92266
85578
64214
56908
96023
15534
39829
86689
28275
65829
30244
14648
15958
40067
89809
89325
82877
51766
74684
67429
7624
41890
13843
90423
20404
76340
17531
14773
29659
97294
83436
21174
10818
67130
4336
54395
27704
2462
63628
20379
30500
17406
24504
19090
55868
60808
6896
42937
66692
56678
72841
47974
33757
58438
1908
2070
39822
52493
5704
69933
29228
77013
41258
18281
65584
47042
66011
51500
62645
1980
34083
70233
56994
22183
77807
56042
45411
94282
13086
14586
28804
58734
47073
67977
38270
17176
62142
77989
79694
67520
36433
45575
34557
31052
25855
62808
2080
34027
95091
85966
68671
82431
97767
87321
81145
91129
46201
74609
47666
9856
34698
62241
43916
82703
99318
95220
73770
49367
54096
98702
4555
21835
6111
28565
41537
15525
53364
7135
72536
67102
13105
87889
70995
54683
2585
1897
10643
31684
75877
23827
42251
71117
2085
41060
90396
33219
16255
85555
80712
23855
14438
35570
50605
82933
94248
42475
28035
64424
70633
98481
3973
28647
29257
56512
35784
40220
70509
34883
23649
35650
49565
97877
18300
43167
87805
100
16102
12321
11273
3030
32497
15366
75421
29776
21044
46896
47182
5491
62567
7688
15070
38792
81105
4965
58146
58951
85588
3631
74186
89639
44403
3916
58632
89405
28969
93578
81173
2815
85546
54543
63430
93791
29459
78663
93200
79671
37314
55450
77647
22986
68501
43859
96893
10205
15583
76201
60727
10126
5697
9807
29848
98392
43718
94172
69238
41062
90563
79289
40351
70793
7611
59630
22825
20970
81824
15181
38588
24006
60292
58881
37289
75130
99147
43092
21933
83576
13582
98990
52274
53442
49661
80723
33090
15301
66331
78519
23678
73596
44775
42336
78078
99322
70391
13080
13040
37333
86888
57843
29860
43467
19112
9809
85964
88533
5882
85808
29495
36947
46217
9878
54408
76565
31577
48899
6786
65602
10351
3908
81476
39721
34668
76960
74670
93106
76143
68904
66990
7269
94409
1609
72745
89774
67220
35746
90684
78039
20394
2425
5684
71598
7689
9914
41643
90011
94772
17284
98404
1934
12463
51725
22080
90098
78193
37980
64644
48335
4028
32339
4953
76455
16476
74729
13848
5956
86363
55233
56820
80158
12472
50648
53074
81041
52603
52162
13235
31959
70536
18089
4095
5891
13492
38083
34423
35413
65944
44573
59820
284
34084
45384
70037
56608
23861
98466
83729
96365
27046
94416
17632
3665
10759
90556
65221
24502
9666
82645
55360
13703
35849
23486
65455
47191
41825
40877
31172
92734
65548
59446
90132
86112
60772
20283
20383
3224
80370
71884
71525
65475
99641
2907
98414
53561
55903
30472
65863
5605
50111
56969
70836
53252
67679
59251
84328
52710
38452
9571
56210
87422
43705
28075
17325
29423
47090
53269
58988
6729
89923
37354
95833
12361
97000
98240
28396
76590
22225
49477
33637
93802
29500
37395
96273
80142
79497
24373
80069
43229
84197
46366
45929
20097
56595
70044
51940
72260
93211
89067
95856
67596
2027
46495
88425
5178
92990
98956
17603
83531
71350
68959
4517
55676
89505
90670
44051
50866
26110
15795
35739
51800
41244
60385
11559
16995
97549
87365
40557
78127
39678
30257
14278
6159
10336
72548
33440
42225
36825
4645
47982
48738
31821
42656
37435
33467
61351
72357
91094
86334
79231
50837
84961
657
62840
2962
54882
77206
4853
45701
98638
40246
26544
82166
70154
61905
68366
83957
48189
82148
77200
20562
66654
65124
86165
75058
64687
80342
53823
26645
80670
89873
26089
38565
74334
67323
97870
93641
3806
71684
5376
6128
44101
60403
77593
80708
86321
82024
83023
5598
10790
85873
95552
36864
54610
72115
34922
54949
18251
87801
94199
4379
38305
54750
6248
23460
84014
29449
87310
66005
71839
53404
45079
80569
66142
45175
97348
42596
33517
7983
77989
52988
51059
26222
93749
92748
23415
11584
41608
5706
92048
27707
73992
70219
31279
57807
95099
10179
87222
20355
14804
44025
28914
3498
59955
26967
87431
49959
81849
43694
54763
64099
87891
94966
43206
65111
3933
14093
23449
14860
66188
74665
43832
57638
91340
54153
31654
38990
11279
6929
97751
43703
58963
82023
50320
8161
22379
26582
71170
88201
37585
95706
48251
38835
85915
15680
96937
23209
67450
5594
54579
6964
44747
57614
99960
81405
16851
4084
21922
34642
50312
94176
24362
86834
75840
28431
98743
92921
21212
74667
1249
19521
59663
4180
17322
1976
98743
66499
81326
2636
81711
81408
46771
75271
48713
39555
28589
62486
88276
23667
2431
83517
3074
49324
20760
77506
6773
6135
12217
57437
67356
50425
95508
10050
85226
89250
85588
62203
6439
49591
28892
54964
58483
46235
35591
45345
74508
97642
52471
54010
743
31943
92297
47634
29810
73333
95019
20669
3752
58346
98640
63128
83037
77926
14253
18419
67215
82808
17572
21445
54244
97228
71076
64325
71282
92287
34548
70973
68029
44194
85633
38758
74329
50430
93537
75812
95975
12608
97309
65426
37935
21675
51862
93032
93895
84603
60226
12345
50850
13944
23389
44648
88481
84256
38226
73198
88857
89474
62358
50210
45201
30927
17675
23454
12004
84501
35171
38262
72800
78536
78434
51282
15596
53394
31041
49751
72821
83004
15888
15867
26755
77831
93350
20474
80868
51825
8037
97056
9006
65295
81523
67035
89180
26527
1950
35196
95621
45585
76208
75237
96589
65879
33395
21886
71547
3067
60160
72391
98525
9577
82625
51974
38412
80891
63672
26150
23848
33783
35547
86512
56844
93296
62702
4441
85922
63535
6563
90626
40089
31202
92436
65733
47412
87144
29532
96933
72210
61100
93106
160
51954
22715
42463
33823
48763
73932
10451
64840
60316
6952
4224
10518
80100
31956
73657
91559
92474
19782
15620
46631
10538
82893
12539
37231
67866
65426
36120
33356
43076
59122
94367
36190
76025
85987
81552
79436
26694
3043
69816
92636
40869
60762
46273
82841
85251
29244
69509
42703
3087
16755
92212
19003
2140
23440
63855
17595
11433
94991
69476
14886
47659
23564
57708
1340
95987
82212
91079
92301
18283
61350
30772
89803
40397
49731
55242
10948
69879
13482
39498
98652
7964
10889
79288
51688
27901
64347
17649
5057
20588
71137
6497
58932
42088
36932
48793
41769
37237
95353
32210
26296
2069
79710
54617
36481
76178
3569
37700
85667
1289
49647
27543
75577
98477
93210
28675
19202
49239
48352
41478
23723
78425
37259
81323
80494
40929
12122
86425
7485
77420
98319
2073
65604
10561
71320
76716
7691
63094
97110
93808
48649
83716
21798
7640
49137
20950
84295
20692
2488
35420
25668
79155
42088
35080
6260
5371
56571
74659
9130
45133
1910
57551
26621
24966
72767
12885
55028
10504
71401
20478
85419
63124
86700
97418
84514
8516
96527
96870
40632
24601
71662
64355
19325
20122
3837
43416
94364
90215
7779
34164
51440
87139
42110
90258
35011
515
18684
54186
20196
44395
83980
51989
69301
50919
47467
5230
61113
79522
97633
52399
4146
90093
67736
60534
94729
98860
86177
74590
69518
881
31623
43364
28771
45339
64027
49216
73793
35624
202
15964
18115
61503
86023
72894
52869
57806
88937
271
94877
52066
71592
19819
36483
52510
24702
51967
47465
91415
27440
76615
33446
75031
89111
36825
47815
10614
71565
52246
77136
22294
55803
59278
30142
69645
27561
7224
62782
34076
35927
26815
19669
45047
83786
67357
6334
82154
15819
4696
50021
37954
78774
98702
8699
86234
87353
25375
74942
93209
38541
84374
3042
90704
8786
87207
48833
10276
27106
64160
49454
20319
37944
38147
20204
72236
20475
85124
28642
71896
18344
30618
94529
84922
13978
79347
34511
76257
41734
90000
19704
58756
84737
33828
41108
45879
12849
63185
30140
47680
35596
19333
24354
10973
90892
33035
88360
19926
17707
96798
66859
12660
35674
66103
54492
18512
207
74708
73120
34961
50235
57964
91593
4111
75029
23450
72524
23742
14786
56847
11727
84172
85278
17451
87514
38468
2582
4619
15759
35624
692
43357
32622
10542
35065
79818
21833
31560
65401
65528
95785
56450
71990
19430
7588
65228
30285
92469
66469
6506
62512
25781
21855
37010
58978
20793
46455
39939
35339
8782
9936
95489
96325
22698
8291
94833
75151
39154
74348
70038
92254
39945
63192
62350
73821
99275
78969
43970
67317
58815
78651
69408
35507
2497
53299
80080
58565
16405
47634
82287
48602
39640
3450
19031
15446
92168
62091
35147
13044
46326
67465
11059
96343
57550
2182
79586
56370
66701
55025
46308
59051
15068
64841
88891
71585
71995
17520
25695
52385
66374
77352
76565
33692
22704
51606
30597
52378
2979
74016
10844
99795
90972
75772
91529
24760
51267
38880
26015
95216
48770
21516
18010
52478
83036
35650
60472
44128
85491
97870
37480
35580
4557
22909
56024
67202
97134
72887
15297
98609
67467
28811
42983
94181
70396
89195
66281
49860
3277
49266
83924
765
47667
7626
21732
24488
98981
673
93331
34073
14538
24284
10258
25226
69055
65887
38450
8256
58754
27065
54542
34260
29187
22260
28887
99381
5782
61428
65006
12577
64077
37339
69803
48321
73744
42611
916
99364
95032
89416
51519
41621
1068
53136
95004
40466
17682
52336
18052
85657
17902
64139
86584
47185
96550
5107
58778
6641
81555
63500
8754
65068
34138
58381
27738
91199
79395
54737
9891
85272
47226
26974
99033
31248
5809
8612
41040
87679
86085
17323
10643
90046
16864
54420
33826
97132
72050
77214
23544
84715
85293
94530
90113
30111
45654
94966
93231
82395
26585
46009
64070
88227
96389
62962
17107
43081
30263
68569
13184
57352
6507
40207
69681
79333
64552
65391
1341
57291
38571
38011
516
95864
45427
70484
25073
40096
11892
32892
73873
1766
4393
42923
85137
80784
60229
29242
65061
82919
31072
11703
18974
44521
95824
25689
66218
32339
2869
1584
81866
7897
3528
18386
74998
28822
40723
32669
7920
83295
25208
22454
94242
49673
34358
50258
57328
74955
73157
46883
71535
29940
28659
51311
58382
51496
93223
9810
55113
31982
93571
83031
153
85445
17306
23658
28247
41779
94128
1623
73656
41629
8973
59041
96798
26483
87389
71311
14527
72262
19732
29112
55980
65878
40706
97673
72536
14986
3488
71018
14075
33107
71704
58984
6108
66864
1912
65431
40007
84183
72800
68286
93866
68836
95212
95786
62006
91005
17764
25894
45230
10813
62836
63837
96538
15229
81651
58984
33425
24427
45755
45346
2274
4004
63894
97703
48859
91268
60338
96141
26725
11250
83800
24932
75532
61949
92100
38751
37547
55280
12196
54041
10414
71503
93392
32855
65021
59346
79811
87510
66221
85544
8973
3609
25190
97117
89427
76271
4666
39641
54436
98097
54511
86679
20961
75612
13403
47826
73399
86270
4801
97915
97443
29885
20868
38681
63604
78703
34831
91172
73304
52596
35273
71752
63094
87085
3710
82585
55006
96095
85287
78881
23106
47846
14530
66532
50023
28121
44887
7701
29531
72276
6055
32566
11769
88239
44400
1549
59683
91521
15229
95292
35701
77651
79127
2889
92462
25959
54156
31922
4086
12084
25504
29772
16955
13769
4745
82351
19971
961
83622
3790
31853
98623
9743
99874
92289
4010
74890
64240
63346
4090
53909
16778
21784
42863
70199
55040
74320
47611
8082
15141
41370
89778
78799
9142
10433
97262
17516
64369
46114
62022
17468
27590
18942
1101
8976
17318
74568
93709
49061
20357
35833
78349
22743
27645
36081
43527
4900
23165
481
93559
2040
4929
1483
79973
61094
36824
58525
34376
7325
75559
17352
97494
79969
19891
61104
67015
48650
93994
87162
49376
13693
7514
90509
46760
43382
56288
52005
41511
75040
51670
2570
39029
11146
34420
81236
64722
48734
59790
57903
91876
76773
89723
74507
3967
73859
78290
43795
35196
77315
15676
11615
86809
42143
75268
5699
56153
95532
14338
74554
84678
4598
83518
75072
61904
70245
29953
24151
34340
59609
26302
81075
77662
13873
69743
80847
38979
39849
69486
41006
12758
17139
10763
1408
90467
98488
30316
7983
24012
39827
14232
4958
43914
8605
97589
8052
43307
28567
6742
2061
84566
48891
53041
66850
53815
35507
49839
29461
27538
81783
73166
90126
14401
77164
78162
22774
14929
65031
55761
89571
42222
90834
63205
1412
40310
14879
59648
47115
61021
74432
10372
73593
4285
76201
74852
74856
39194
84626
2130
973
20660
71219
60886
80630
46412
32407
61791
97209
71325
32045
10838
17666
82070
7360
26651
77016
30289
84661
74381
88580
30244
6523
93491
54924
39705
72443
25280
58760
44395
21730
58730
55788
35169
19977
46472
93600
47789
89974
60925
58878
43435
89553
30876
76869
99703
24391
32472
94930
89307
89914
73899
5792
82084
46789
43579
44368
15009
69504
3680
21486
98011
74929
97509
49736
70239
18185
39041
98077
37437
15348
68740
4418
19190
20309
27443
26546
26728
62180
53410
5344
10104
82492
14544
42850
21234
74274
69268
38832
34498
16385
46982
75446
50903
81178
90288
11756
75725
93178
17992
18771
8379
89049
68838
80711
49115
58715
58410
50943
37718
28768
93023
26341
53523
56254
59678
28162
79774
27138
13394
93235
60262
49485
40187
43807
52207
93986
3948
77419
92939
9112
71685
30752
90183
57631
75138
81620
12439
83459
78170
4134
65712
7242
36289
49351
16899
15257
21768
4078
72603
92660
17860
37241
89233
50688
17526
80530
34719
42336
85170
94852
76558
17504
41161
68912
72801
58160
13444
23256
63870
21198
52396
39870
33916
54261
18390
65557
39428
64718
7333
63255
50505
10317
19975
96149
88715
67403
3892
69382
76668
21509
74504
60113
61824
94846
20992
72663
48487
27002
42944
41776
75927
65268
2158
88740
95854
81061
63618
42328
2677
35375
46831
70553
63949
97815
80790
85954
55328
97285
36810
90473
19574
5997
84159
87665
31506
39965
2597
96142
96701
34176
16998
34463
1173
58512
78745
52945
81861
49798
34875
59254
19375
94232
57771
74853
31793
40334
60744
829
58186
87128
68181
60092
87877
65818
93113
97219
67296
70670
76547
72483
62286
9390
54057
72561
66984
43867
55548
26601
54802
36793
74688
99748
36884
6463
9550
90
6917
32763
64672
24844
76938
54002
21176
82133
76055
84091
52743
81592
34222
61947
46774
87382
61468
50647
52316
98965
34764
69573
4435
4951
19110
86239
10943
81785
17153
36548
93010
24741
99877
25121
5383
18764
44149
81901
63528
88013
78957
91531
95782
96439
76734
5685
51182
29744
9330
88224
50971
1484
93324
96689
82268
62187
89055
11657
84523
83228
92793
42183
10161
35393
89146
28022
95333
30993
30451
13376
64880
48361
77394
11877
55178
15947
62432
50007
79211
58957
72457
62372
76957
87538
98853
89210
95123
60250
95364
5571
65390
4890
91229
81590
26092
51989
24631
68902
20943
91617
32168
83851
94388
2264
38756
39777
49202
15399
94357
67733
49380
42600
38140
88044
26223
39179
93704
46340
38340
63700
58370
61605
44417
45306
34039
37259
17380
46001
46285
16845
57152
73343
28081
10292
73383
54062
4359
82109
43179
17984
16467
74927
37765
65364
31728
95879
73903
32855
87705
16714
93608
19780
90908
96943
42134
57521
10390
37764
68448
7770
79860
63088
1194
39175
94203
75240
14270
95823
55547
68622
40611
91286
2455
42804
92113
84381
14926
91356
66324
63389
55445
60580
40415
19458
82292
16945
7562
28722
98560
79083
73992
21151
92475
80711
46438
28435
79796
3082
91163
63942
17275
32817
5713
72005
72819
77859
43476
68844
49376
38505
36956
15332
89151
10674
83218
90286
68789
45139
95460
100
13621
92711
4922
47282
15861
56742
52979
70159
9750
54543
17497
48014
76620
19280
60243
39937
71436
74198
42818
42373
36426
2454
81814
43638
67488
72850
38341
16238
25395
79137
5793
3649
27223
29624
5225
19087
61856
34575
5203
71980
97336
60205
86973
72604
21866
17364
58829
52505
42029
98695
11136
55953
25715
71673
89722
54650
16490
45820
38744
69095
28149
6876
59790
43016
55739
50521
69606
48896
15979
82125
61449
509
40307
47555
45044
77493
63042
71303
93684
5597
53978
78795
41502
52766
69606
41060
27900
60735
90518
60801
90618
86162
4277
77613
26647
46440
38109
76367
15915
63375
20022
52303
27964
64924
49663
24584
52539
72660
22727
51262
90002
79697
50180
22341
9803
59996
15515
47905
60651
60558
52984
29399
6126
76498
32540
79913
66573
5193
86332
81257
36215
43757
37622
84048
63291
10894
13342
62946
34346
78494
63775
75047
10817
56061
23674
63050
28949
15760
8596
53480
68489
77770
96243
1560
91189
65103
41059
6946
94880
15695
35107
92087
4160
43321
52577
10688
22892
75969
26746
15878
93468
56690
45101
45157
46683
38447
93750
81328
17901
40669
93583
13813
68780
6718
24781
22032
49705
18052
8691
75764
76789
61104
18832
73506
94080
81295
32137
63690
54442
71162
99494
70802
94043
86508
51040
18170
74271
73958
37601
58455
58660
89675
35806
13192
68070
75676
72544
98561
22515
10457
14637
45959
42606
52425
93834
63403
27338
85290
94657
89703
66469
48948
14423
49447
95843
17815
74998
87016
52140
18542
82103
99302
87217
1006
77781
69785
70930
25637
98748
82588
67613
36219
79565
35934
94757
24724
50753
70609
51329
35382
52937
19596
51279
68354
86467
42078
8362
4254
35653
48567
16794
92577
34515
3254
61349
3280
37073
20449
51385
54981
1058
61762
92342
99712
43164
99211
92465
28907
89643
38807
21
46182
75258
51218
31574
62123
75310
51780
83293
54341
24596
12197
11737
93543
40107
22308
91992
47654
11644
788
73429
99151
59137
86271
16748
15295
30789
54496
60871
38904
53381
26472
19473
45115
43226
61646
87995
4535
93283
43088
22213
2842
53291
72141
2371
79659
86142
87111
3368
64765
15985
73812
24104
60490
62601
31060
76780
51160
28241
36707
19582
21996
19700
717
77108
71099
11807
86601
61422
31174
86012
25514
18656
93588
78166
42705
78730
67262
74526
87225
23565
94148
17394
41794
33099
12946
9193
84507
24970
97206
22350
86549
51843
78028
82291
69429
82059
11909
59170
52124
27437
86902
52790
1630
38800
86496
99853
3726
67612
44603
13949
23793
98400
46839
49427
45981
24027
84367
44763
95478
88756
57476
11429
99706
35208
20057
75929
8556
48785
2629
3945
29636
16212
89501
76199
98595
7621
59882
44236
92121
97513
46578
76810
62739
94295
43808
15200
97059
54706
96691
7395
63574
78863
72998
87832
85526
12017
72390
27657
53086
95846
50743
74198
32827
66292
83838
38048
59708
89774
98697
94375
73377
34494
53229
56471
14867
46922
65183
35149
19796
96344
62607
69556
46597
90760
27397
15410
50415
29729
98870
81585
89962
43415
51947
69619
49950
76676
12175
13355
72299
73627
77476
37678
71310
19445
63655
89740
24842
41893
27051
13299
68846
29625
55404
98901
53045
98659
8996
26616
44924
80638
93296
75088
97607
17952
9348
90195
37980
42960
4408
39999
63703
47882
52736
83217
1214
94456
76266
34701
22545
79561
88204
39246
95027
83583
2601
18986
4093
24202
99707
26699
43439
25917
59287
29320
11081
1321
18509
59528
45770
79973
24927
43058
15328
99285
74610
58743
82112
25407
96609
53718
10686
26127
16939
40448
47978
56502
11696
86784
43396
7192
97140
32633
35629
3468
8956
49267
14516
58649
53483
10862
4214
8485
85299
99675
53013
21184
81162
69752
71981
4793
29698
71104
96901
97511
87680
31100
35526
16489
39767
46051
14267
30030
90850
27742
31713
9186
45762
22601
51090
14839
68492
39449
86786
30392
92958
8918
69343
74729
66750
52204
96808
7697
15157
15743
54772
5878
14981
25316
90339
84046
7768
36501
24410
7381
67655
13009
7331
38250
89337
42994
14902
88402
52168
64071
4089
98943
86844
82349
47043
42921
84021
87357
55210
64720
62166
40504
24000
48040
80204
14304
40388
49898
64058
21154
83011
88221
37567
65204
4906
13431
6195
25357
69329
39560
42367
21135
67367
40827
82360
25242
22191
85979
86467
95594
9710
85404
23981
2503
12293
41507
12432
48136
73460
86253
32647
26907
25457
23727
27650
35926
35924
92432
41455
29839
38408
24718
80013
72493
49141
51288
3593
1984
73008
4340
20541
81342
36026
23371
69439
56725
24394
19283
23821
45733
71336
62177
53502
75796
95968
67891
80859
79942
4224
21871
2778
9449
12148
94006
25339
24696
11798
56634
7604
8061
32835
59212
93166
17259
92947
93047
60088
95939
45004
17986
38242
82496
1948
62293
28408
34090
95164
77416
3958
15060
42319
42672
80101
94300
62074
6067
16274
1384
52822
67621
42267
11590
56862
49308
60964
93811
16028
36677
61780
14591
50826
23014
64705
41119
48334
6921
18090
62383
63438
21571
98416
18488
55278
23494
23875
68691
27474
49750
75004
85356
35625
38876
17426
15699
14066
30855
95544
10706
93181
73320
91907
35531
89695
24656
1232
52578
281
48242
66636
10376
26512
39711
95020
87192
67687
38418
28862
46925
78907
36137
33420
82682
98832
40355
65204
30920
30916
81942
93824
60039
60221
39508
81635
88271
9045
60669
91128
57065
28817
57777
64290
14897
99673
77133
26473
12885
59808
44503
9750
42645
82864
93925
3995
96707
40867
41746
72323
61869
69739
42108
21114
71080
11378
65173
82567
83783
75682
1054
53371
27682
48453
17982
79919
39151
63993
92632
72961
49030
9885
77093
17742
75445
75772
58876
38217
13094
82992
15377
88159
41240
23127
93566
7434
8480
44840
37975
37667
99391
57562
17637
29773
82360
39210
23624
26678
49150
94060
57040
56885
30420
69038
57760
77082
56370
53620
26657
47849
90961
18816
28097
94370
81870
19331
52860
82296
2325
94889
30133
95778
14091
28881
48523
98946
52049
13608
27381
98154
49037
84515
66058
88868
66883
55900
56135
16430
37220
25527
69309
21938
46245
62515
89703
45525
29169
77550
42405
86408
27707
2763
53799
97711
63586
43651
77714
92655
90790
32713
5273
47314
82204
26913
41453
63837
46266
68602
9278
42873
90607
85054
62571
23826
78283
18241
58785
16901
13035
8628
83679
51086
77212
51289
49980
34748
45095
75128
80203
71939
81088
45986
61137
34668
87543
96440
19936
9624
94061
4227
40280
98210
37976
63621
24648
64182
42622
62729
90014
7817
42355
16225
20340
36569
34289
48123
33563
48512
38425
80502
5360
74222
70157
82526
97342
71275
53354
64662
3483
6659
70257
6590
97270
710
23361
4980
12467
20004
2385
9764
94349
56166
26187
3232
39570
10151
40803
38351
44305
12816
60501
98362
5053
75306
39755
57604
55492
71639
12200
96745
62750
42011
3622
42682
5370
34899
31054
67386
20251
80806
55948
7498
78541
46803
48279
66318
19765
73764
26718
9693
95166
67541
63927
74423
89384
77714
14280
64541
38091
31446
87451
17711
13160
39678
32584
64315
80347
94392
46046
28377
5662
10080
57166
27675
70015
78473
67063
8973
33491
71488
25538
12219
39348
90688
1743
94268
30856
60114
71228
78982
63448
56567
52814
14230
77396
27661
20817
47832
2291
90754
96266
28007
97946
23876
67695
37457
75930
94555
8592
61811
14882
11200
85099
27566
8332
71538
8118
26667
54804
97694
41193
71782
20456
95814
68608
77474
84498
36973
90774
47748
88390
9171
24654
44954
18025
55858
77379
52127
7312
74031
69815
41185
59827
79390
20360
93976
87725
73974
74328
14891
26050
38307
58153
62593
96889
16208
94554
49544
91737
50957
36706
26560
19235
90973
33002
94709
34256
89347
96172
18123
47319
70825
20491
16708
52694
32372
92872
37984
37787
68347
10777
27600
67817
66833
60629
8593
35555
58320
78128
52427
14830
55459
45868
84278
98728
69990
31204
1264
45532
68845
11806
5488
73576
79738
68244
45452
45623
63948
70710
28612
63700
85538
32574
73596
79172
42908
24542
35968
79262
14269
82941
36501
45033
14016
49201
51432
67909
51824
17288
8211
56468
16382
40472
10594
69273
89110
55035
32492
52190
61193
20609
33336
3508
57569
66827
73427
74731
27937
56296
89920
74386
72627
10482
6358
94826
74095
29096
8587
93115
82382
62994
60807
90170
7230
50421
62683
58251
70633
102
99608
44826
30314
19657
39183
28631
32823
11791
48826
30281
15209
15885
62391
9062
20376
35292
7974
59451
64791
69921
74271
91203
87118
84143
33225
12365
16945
2403
95055
22037
94374
98200
78989
31585
15923
79133
33227
33947
56801
86764
5244
67110
41280
58261
79030
61700
5188
62021
81134
75419
85190
95633
75546
13753
24814
23251
23426
51434
80850
42166
6026
38098
90165
50010
85689
75073
85292
94138
53896
50772
71095
37392
32891
16602
37120
27138
82722
43648
18078
52768
44617
34599
22363
13525
51540
38392
55709
56101
74142
25100
66963
97591
81960
38001
66945
62775
14098
80179
93932
7880
31596
32602
60443
94503
51528
55107
51264
66079
30089
93499
3033
48630
33841
16765
75457
33689
67538
61017
34356
15136
9309
60431
12239
93990
39185
92665
72610
14326
96914
71339
32565
89978
58313
58373
61299
14405
74921
50933
17990
25887
15412
35927
58285
25723
2377
75510
53934
86285
389
9941
75089
33882
44742
21198
96968
52700
54491
78125
385
71353
71299
3544
26467
29458
17226
27204
75070
6600
52898
73483
62813
10600
6129
53676
84086
14694
25106
93931
19038
67077
78196
11883
79786
92030
59237
12244
16281
73001
14166
6652
37535
26249
34207
34499
5184
43202
99558
62810
95134
90163
54335
19540
48454
30940
5147
81374
65391
77373
21651
260
98958
99271
29019
11495
47067
35041
32730
97981
62339
17940
3841
55129
15078
13492
46437
9083
72568
35822
44923
2554
26592
93271
35549
14746
18485
78953
82536
91869
70046
97930
15990
78920
53288
96508
28481
96970
22388
87478
3977
30496
40241
39097
34719
54757
11184
56597
15596
9387
21448
71201
20984
55022
49502
46388
24534
77778
57363
52274
7021
12390
69937
15934
3891
20269
21463
95987
4560
94943
56286
72169
12271
73366
31231
81573
74867
43039
96604
49059
65245
11674
65896
70624
50317
63756
34472
20853
33032
63093
21000
78641
50838
92541
59221
54807
61105
29173
24233
51024
69231
96449
68176
16880
5687
31882
57364
21590
83701
36394
77378
70656
82108
51348
88697
1887
18898
32269
58855
24155
85251
2615
40749
29993
51540
78939
38431
7832
36588
44875
98099
15981
33581
82446
37360
57656
79715
73041
62813
42233
74959
95127
71798
47909
58580
43659
90944
85531
59648
15469
82070
92188
77196
59981
39242
53320
58327
56532
85348
38998
3653
66638
65866
49297
70866
78118
93180
70960
53538
79906
63801
5786
16296
53710
48231
44543
97156
74912
18503
61070
15314
53490
16258
6114
97013
65129
64531
8114
81561
89105
22064
52246
55125
81006
8527
86261
79951
69413
58808
48308
86761
72759
56618
41857
34714
2697
10521
5506
29302
87332
40910
41392
68367
16750
64623
87352
36170
31458
31724
83303
55017
56893
34633
46985
65546
15466
43860
57050
99688
93454
91647
70929
78033
21693
96516
85759
76980
21083
7443
83666
28884
94828
62867
60783
3514
66443
51718
67099
72763
63576
53211
41087
42515
7436
61141
10637
51556
22986
89327
42389
40715
7927
76041
60166
57196
59714
95924
44030
9131
31983
5829
63136
26315
5041
38903
90162
75903
47018
20109
6159
30999
39731
88563
62276
26263
48160
40262
45064
5797
15944
74830
77683
79392
59872
88235
36739
29200
26545
34528
30344
8301
86612
85316
79546
85214
40006
13001
50675
61219
10579
22792
41822
77730
5176
726
33615
98655
49614
57
7321
25959
40859
2011
12784
55423
16873
89383
18515
99047
94435
31597
86449
36384
62759
18625
24222
99373
67525
60713
62926
32837
42678
80500
62566
64265
38395
13421
84763
44611
51088
77282
16184
32516
71965
59714
16230
7650
61067
79750
72195
74968
37521
9198
19366
59384
46351
82402
80069
28596
21381
70254
92437
17627
68471
26837
12432
7497
72773
243
96989
98594
95644
56826
50370
49096
34536
37852
35569
28121
80250
60875
41251
226
62978
64306
29609
32414
29419
14402
30189
8761
48592
9216
59444
25932
47299
68937
74527
55698
82033
92773
74005
65493
17298
67715
23206
51124
49165
43076
40237
86638
87231
48169
19281
1200
67305
99364
12563
54331
42023
36172
14543
665
90195
18502
71102
39056
47918
21152
77415
71018
37700
62885
52364
26464
64791
4697
85368
44246
22352
64904
8216
49111
75564
1090
13636
35595
34672
70198
7076
64618
88921
93401
4649
58095
8867
43751
49313
88660
26445
81987
13276
68876
34837
86086
32381
66055
23599
99605
52313
9858
1036
19893
37685
77290
42756
1773
76187
96135
66771
61197
87455
31705
36559
91604
73885
47298
98905
39031
83629
5162
63711
76296
52922
54711
85803
82676
94293
91983
78496
74665
354
48579
59112
70572
87916
97016
43352
36952
99384
44221
1185
16688
64191
43407
30506
1594
50629
84881
1138
82916
33382
45822
6623
30581
40587
48444
59630
21661
90983
3945
13725
25923
62232
75966
94220
24681
36059
43069
94269
20282
61682
49922
82285
51251
83957
22067
30458
8218
48278
73076
19566
73632
5609
79014
4719
52821
56712
30447
2274
62471
75065
14335
14323
66848
15434
8960
74494
83399
28943
97516
10673
94342
16704
49174
29406
35226
95288
27864
68357
67440
10250
16411
19253
50220
22732
91938
43660
67080
13306
62652
41803
5558
74622
78106
64858
75047
7955
79187
10297
76323
95542
66438
94065
4487
40213
53486
28146
22831
18669
50200
1329
83444
91246
27392
96842
27705
38891
19222
58684
46735
34165
4970
87667
53471
29115
47830
70425
16015
53699
88949
97323
40764
75911
66830
21355
71242
70637
73774
74188
2710
1646
88686
95643
55809
65829
47900
34543
64732
12975
45331
70811
15019
54687
94828
77337
67337
53481
18323
25863
99020
95405
86735
10153
80706
20477
31196
97816
11837
44553
68238
49335
3336
69751
13913
19556
29742
6788
25137
76065
49781
60696
77653
59477
24112
40663
4808
15568
88095
90921
41315
78073
67112
76079
76255
22177
68425
35309
53652
14463
89509
58152
4149
57365
78634
77197
16720
53104
56920
35845
23159
15079
69200
12250
18017
29520
26149
44890
52335
62280
7594
7269
27795
23758
81805
32006
66624
2300
69019
27525
61568
91648
16348
10885
18317
6716
96684
56937
95290
29934
5116
98381
57987
41153
95970
56956
97485
11315
57401
48930
44564
25378
74817
67638
54606
62754
87629
77107
10743
32722
16719
60913
94315
73928
79649
2224
26983
68243
67095
39370
96065
65952
19915
28243
80236
227
4157
51759
75055
3395
48499
776
24741
65977
70964
27688
15984
54997
99164
56454
93547
13581
52506
17142
84804
12790
22493
97583
48977
36719
27428
48962
93593
89080
95852
89137
76064
65572
62963
74578
50635
16675
45469
95336
83006
47303
27899
43762
15411
69330
97903
43311
24437
46856
84085
22527
79698
60092
31967
87767
58285
81164
41847
68475
24716
85697
9920
27620
83327
75323
60963
76859
47929
69989
68520
99821
23043
3109
39284
23631
54888
77166
79585
19887
70588
23692
3972
32340
24108
17330
89225
15335
98762
58327
92132
5759
99122
19873
69440
40563
88077
54816
79616
6350
62232
37528
50887
96457
85522
71675
65817
57722
78345
57337
82445
74561
22628
32952
12685
62387
75807
38898
23486
28297
13918
89081
90307
65694
41368
56422
84105
32735
46728
30989
84953
97149
90848
20587
69545
35868
92355
96219
88789
97662
58164
19896
694
10055
56369
78557
91552
80897
7315
85274
9801
30740
93226
59221
14046
41112
92186
86115
44413
11073
27076
97799
2515
19618
83391
25938
92965
44202
18194
74983
49798
44757
66232
95823
60447
77677
77367
53258
27460
53652
23651
34077
38871
72307
31631
80279
73441
87082
83904
86764
21617
10911
11486
74046
50027
79109
98885
8484
77744
8417
55829
59716
30070
45740
83963
37210
29341
87601
88942
30391
68618
89814
6503
51613
51065
12408
22692
81893
17788
8456
71048
44669
43924
87916
15536
59640
84255
33732
90032
99052
91852
16153
13533
29501
32839
57433
38707
23262
18503
96765
92390
43851
77301
10529
84666
33812
17088
49628
73129
8653
83095
65005
19117
46258
75258
16652
13769
80529
57915
34831
52996
29758
45625
33162
25438
35609
61077
12131
93032
80933
74206
22362
74884
28584
91959
47851
16079
65690
92352
32349
96322
79879
40759
6166
85760
43458
34648
66600
48227
29695
36405
86903
34892
74476
96077
52407
69027
91845
38405
91697
53810
64124
26268
64532
46268
2447
12541
99131
83658
15435
17280
80935
75219
35690
65534
93643
87421
54727
41823
51129
70596
81686
72186
5043
83237
75827
78066
53701
75984
94301
83590
29900
28245
32447
50058
83315
65642
65952
70103
5971
17334
39684
83563
36988
40036
12130
58527
63583
65888
76725
91496
67434
24502
7584
46990
31315
25521
76955
75371
44909
52701
25973
8088
84374
4590
75390
37806
95383
52027
60831
97201
28686
3420
10240
31721
32882
97193
81555
90123
79575
28488
58101
26304
80154
58500
84823
55595
59198
9973
45946
90078
89957
37047
15944
15666
9165
62123
52533
61703
47117
72910
87893
49809
69337
21551
89677
38060
98466
88089
52306
92128
17365
99977
45014
13294
63935
15362
21836
59598
20876
24229
69025
67302
97833
8630
73122
93949
95037
55320
41586
69872
32027
16884
31403
4916
43149
26959
65083
71904
79402
76748
6314
22980
56946
47206
94855
85458
60945
61576
67986
70106
1743
67678
29115
49411
5590
97596
86229
45546
72156
12343
74739
91707
68005
93614
29705
99937
34224
2235
39050
92240
12352
51161
52864
17005
56991
5621
32097
71538
95524
64219
22006
81880
38414
94124
59798
4372
96082
50661
44203
53056
86022
31229
54310
54562
57577
97282
44431
86864
79763
40223
43575
89718
78652
73886
42720
14580
82156
29154
51933
28216
70482
3853
61403
21996
16230
64242
97365
69522
88445
90418
11151
21167
89985
71326
38439
67226
25363
97434
41927
52377
17022
19600
42183
47227
5270
18896
67396
10716
43960
23181
48518
71803
87783
12034
22926
40024
24949
67508
9304
90
31528
78958
65588
74909
57367
98869
65365
99486
75192
36336
41491
22875
98627
80534
54997
34516
437
67091
28298
49707
41386
10763
17253
25761
89931
84867
61805
37465
97453
33435
231
64505
63005
59566
20500
40771
54063
68798
97847
41106
57745
68291
73133
79962
16686
29912
14903
11932
51342
2737
86302
78241
99487
79851
791
53887
91099
80561
15423
93553
9681
71480
51095
80965
76725
19395
74331
30002
31940
3878
55503
77252
42987
20366
56423
15274
31205
65919
32910
53852
53408
23339
1107
52729
43010
18889
69154
4721
88576
45801
28774
55722
71112
64724
58737
60166
50122
79720
50106
9989
31265
93123
78682
83034
45763
72345
9734
87964
26251
16767
57282
99953
56229
13191
47684
98087
81100
54234
97647
76147
493
73093
53502
68775
83190
11016
96156
79248
1876
52987
42950
22931
13454
18232
32521
85415
47953
59798
55589
37883
59288
84308
97514
68841
19167
94943
71290
84154
25182
42849
35466
29820
16630
98504
36822
70768
34362
81301
34382
46612
90384
61555
59086
23430
95448
22834
77985
47496
32017
23176
41740
54123
91831
37913
81626
27978
38387
69766
88229
95895
45737
98065
41651
57301
17025
93613
69920
95342
19167
50693
71528
12888
72948
53972
28744
8206
26398
35136
36813
19180
30370
84913
72732
180
1124
94390
84901
71969
61354
88589
32198
31713
95186
95265
33269
94748
84699
2883
32236
6606
72631
73069
79022
44200
27169
64231
24030
59038
87938
36533
76154
15417
67499
57819
7355
46588
16212
97330
56947
44088
93072
52269
19032
61337
13465
23041
87310
24697
94652
27582
99341
65034
40934
6237
69258
70489
46744
43455
71003
23052
16233
12229
46436
46138
41870
22192
7757
96808
93508
50250
94329
50524
3482
96575
54776
69615
46339
62446
13447
82945
94051
87864
71136
10899
18077
7576
96926
45056
23649
7392
60630
1607
8338
33253
80233
81152
71494
2195
61241
83640
48204
48297
64589
22133
4746
81750
34811
62510
42498
22295
40083
62509
49271
33727
82522
70933
89230
93939
40158
87914
40370
86326
90684
14453
20225
5587
76737
22133
82157
20582
21749
32172
69455
69951
48219
37300
77260
62360
33110
45139
72008
30241
73915
82466
4816
50489
33289
89951
37193
39926
81391
731
7418
72548
72049
46776
94193
26595
36273
57441
25099
47887
94366
90239
48536
61809
70161
23082
13085
42702
7247
83572
74283
77421
47900
61705
4793
33478
32850
82438
16982
40094
76398
49321
44053
45366
13686
44909
62397
87908
99676
53977
37399
54481
55231
49176
74047
79148
68470
53723
98952
4661
94842
42023
51539
47971
23963
48803
21643
36476
96715
86131
39167
86847
40766
33692
56711
62218
27419
65207
94791
43847
4874
96827
88689
35095
98004
63633
9749
96438
76379
71843
19548
10767
77862
31087
71660
87213
53139
12072
86324
49221
5773
72491
9297
59943
7356
46078
89704
27392
77696
59270
88948
94551
41267
56778
45413
3492
73661
18739
78239
73426
81925
85055
58503
25133
61055
52575
17121
61598
81731
86095
20055
96076
38126
66774
6013
46260
638
78547
66413
34743
98332
5041
43980
8515
17849
52795
1392
28999
58698
45961
52552
16374
46881
7724
4573
14942
27618
51391
26314
71992
66273
27195
72597
30951
1814
24769
16015
47939
84224
73173
12368
72051
95410
94091
34997
12921
30051
57941
87502
78709
37748
5035
80264
84852
1255
8783
52890
2040
66946
59609
86441
67168
79600
76647
8747
25826
80398
53719
64509
60800
3399
37705
77656
81983
32905
79070
86890
22101
25388
14006
29903
25847
28856
94198
23325
7684
10004
45112
61775
58414
53502
7537
11020
89907
87887
30001
10399
88035
8551
85171
4791
82539
89215
72437
39604
90349
36563
65670
77977
85448
14644
4861
66755
30934
26781
25793
61175
73953
5381
12430
12101
14480
1037
13333
53322
45474
71879
99444
67555
80434
99046
96580
92670
66990
41290
2613
8494
57011
30453
53997
31105
49937
19552
62686
49645
77596
22841
88544
6927
71587
86753
6238
45974
64519
1233
59252
58519
30162
21451
4556
43929
37805
56983
43423
85926
54920
88730
31916
27363
17560
6405
26317
12715
5225
91371
42650
60441
40944
98607
45895
65837
12225
26341
35817
31045
95531
65426
39646
76562
42556
99521
79782
94714
43593
45139
72568
9757
9792
81872
84166
34874
84590
2815
72800
80297
71189
86438
80982
15897
55802
51865
9836
14704
63604
77863
22228
91039
88482
98028
20306
70283
63805
15629
58213
13896
47099
79456
79281
11675
15010
70980
1175
74615
26794
35171
27889
70633
61830
75028
75377
57116
68537
5346
77498
24671
87543
80055
3810
37684
22716
50222
43592
8216
55740
37717
28874
66873
33860
56247
52006
36767
18785
1512
37126
24266
57169
45269
69522
59897
40644
25608
97981
13606
47860
19527
311
57838
33811
67383
99720
78967
41534
9969
80628
72047
3101
14637
8697
67661
90597
71524
68363
87322
7941
18143
12229
62335
54788
84128
87526
82464
54918
95852
39928
49635
43682
67410
73121
46936
40469
55492
95914
8999
297
56150
66030
86653
16816
61809
22732
21047
77241
15448
40549
16112
45369
60486
54569
16692
24370
76058
51455
48581
63322
54370
84800
25661
65318
57308
86251
17109
82897
10390
69223
39413
68887
86596
29082
91007
96679
28500
72915
78638
55232
44532
32309
42059
99415
32509
6906
34687
6538
63564
14801
45471
57236
28438
33683
42914
37334
53719
14954
2694
20191
61989
15375
65335
57900
57212
82303
78949
38451
21820
67004
31316
16930
17866
57688
68349
10706
83872
90686
47354
77691
31179
95886
39496
46055
83492
95619
33993
76544
43819
98544
2044
64977
80966
84195
85313
890
43100
97248
23547
20373
90147
82260
10576
87105
84637
85651
23309
98071
23367
39257
74121
11620
54864
80594
84518
58612
35375
86260
27436
21288
6398
95737
72814
9797
63935
41943
84715
63905
63289
47500
86592
98569
95800
24430
11346
84104
86272
42331
62604
8166
5270
9979
96062
62960
4728
96688
18560
39524
45598
43234
1020
45008
3051
84026
54496
66853
19985
29392
87707
95727
89442
53701
42947
29792
32632
16951
14583
58711
90921
45730
40052
76495
18368
45271
84619
13867
4232
21381
12568
99293
30963
42186
399
2306
53726
15645
37869
84084
71992
47651
67804
25214
61818
60722
97781
31605
85510
10888
12440
28561
28414
48905
76106
13612
49338
64179
48450
15212
49059
91812
95609
80260
93667
62258
49434
34882
90526
18065
25415
48003
50857
33825
41627
86580
15118
58881
50788
34602
63930
92720
94451
36978
668
41427
45968
22783
87178
51971
59790
3785
19796
95894
84378
27368
1060
33380
79510
19585
53481
59714
95941
61595
10705
81562
80337
34180
7918
28092
18431
50131
53857
16320
72281
35578
9507
86037
83486
6292
77222
69300
94901
82367
32923
91766
27701
17878
72602
82093
10812
77489
38114
7074
15690
60087
44074
47300
84433
86307
13383
91407
28327
94030
8300
52586
54872
81323
83778
95345
48943
79882
33747
45606
45140
4498
11430
50858
10078
44836
60144
28437
79746
56873
86618
47691
53413
78582
28140
70153
29792
49686
39563
84147
70869
78768
64257
33130
30018
84120
78306
69759
72483
63220
20322
33204
3351
53938
76463
6775
45812
35147
85943
51301
56343
44110
54106
43852
36396
89156
20559
33577
87107
14697
66852
87181
41299
3892
83086
61852
71628
45181
1133
58539
25350
61901
48416
36400
70230
43074
53735
5205
9703
48286
9057
9370
89450
35473
5910
95110
15168
29250
81487
75777
48936
23860
58968
36406
62726
65869
62320
5546
76750
96464
99059
84450
86318
31327
42565
64089
30761
97810
92598
99684
78250
79866
99443
70745
64007
97309
17443
25641
32953
25410
23637
32273
60472
82243
38432
71233
84734
84922
158
40275
64304
80337
77434
93969
33053
71217
44243
65079
8648
45683
50112
94753
5451
25311
47716
33406
19565
73907
65712
32806
69143
40495
41822
57688
60097
29788
32299
92778
8102
2829
15495
62939
97794
9262
78947
93205
29836
48712
58552
65318
18420
73319
74570
13277
33038
5228
867
13796
28300
29732
3440
37079
62170
54398
77693
37871
47733
49617
34938
56210
25224
5661
84791
67218
98562
38671
28747
94901
57387
40159
99983
84136
66075
9499
96214
22088
84485
27479
8784
22468
78892
36687
4471
63907
91075
32585
52731
80154
25837
26161
79766
51117
89371
67942
49721
46744
38358
17264
88671
69789
18402
95546
26520
17968
42021
45452
88238
30883
99616
13586
54829
82356
38138
14901
75798
39098
66547
64699
5400
57856
38546
61460
20696
54132
24122
87098
77638
57313
99397
17370
58536
32771
68045
725
90098
49294
36864
45688
72763
52521
28155
96338
57409
85761
39887
3293
77649
69395
25606
94555
65328
7879
17944
51712
91739
76637
92384
11952
95732
69739
82804
17607
42079
73914
90221
49301
50210
82520
67051
64580
14077
64071
49457
55818
99420
26284
45626
53071
66478
7278
43708
2044
82991
65938
99726
73026
39897
13718
12640
73100
2039
91264
8383
58622
29421
58168
9274
65323
82560
2547
83820
75425
76763
20479
58391
85222
53793
32151
19202
85900
21352
35159
603
43574
77327
16263
98311
15297
52895
75069
67521
4470
21013
9061
83626
83171
41415
50356
2726
2038
96661
27089
84189
88745
59036
34759
20290
83455
99274
42458
90059
73606
85075
72522
81489
85092
27738
8987
55540
16626
9383
1210
55368
29213
59536
1857
42631
6483
43705
83142
90229
24466
72065
56938
89765
88397
55068
83603
50981
49589
32847
54809
83946
21720
24483
39144
91190
83448
73341
85025
35787
97711
21984
94572
38034
28758
14250
99095
66979
8029
6859
33466
48692
6253
72453
20509
25631
93415
44061
46082
2876
14572
26921
45091
8536
60821
6580
66830
29742
25295
93369
73727
87488
5974
26313
84638
83558
18656
38880
55629
11932
68344
86096
46173
11020
8654
56507
63370
83190
88373
14798
73416
46681
93314
76653
83834
35025
35441
48967
89574
36681
93959
92077
26218
37303
78335
39491
88035
69031
58848
1869
37692
83709
38777
84132
73924
38061
35021
31919
39769
2298
87816
96708
45139
68482
89907
82292
91396
90305
76098
61201
84626
23279
27373
93897
67996
9680
27062
65231
8222
71598
16259
29010
58829
6362
50691
80726
57705
1468
4733
53760
42114
91051
38018
23444
97547
28365
46864
39473
48162
71111
48961
91144
13247
10458
94586
22821
56365
71121
9956
58726
62384
85159
90519
9777
87672
98777
10660
96878
27782
51334
72474
15584
55223
95405
10207
76102
94952
51804
33823
13459
17858
60587
45409
51896
52620
69123
64440
93491
77393
45125
94050
4382
44380
44921
5207
80757
19542
95882
47832
31186
77420
25961
2957
26295
97667
63032
29392
1391
18722
73617
97216
14457
63485
87528
37093
87509
83973
12806
64909
3981
68867
58808
15135
65762
64870
66206
40733
66781
61268
11404
34067
65918
66407
92543
29947
38428
28886
46210
38095
8050
26163
10905
13422
47460
8506
15630
69072
833
55486
24904
66216
94892
66007
2171
53489
6106
88421
90536
83022
66849
44804
54656
83273
36459
68623
14843
97255
87756
3400
55999
88705
69633
27881
44975
62612
26414
47262
81528
11125
37783
23353
46713
77848
19394
32619
33349
96295
4626
86007
77880
70117
59326
16519
47591
85318
90783
22323
49588
87618
54465
97377
87940
73671
40188
21768
9587
3718
45502
39404
87405
68845
91504
78057
8121
81276
45471
42582
86251
92843
71450
23696
27470
43063
23989
42916
24030
40155
95174
73217
22115
90661
70186
42853
42592
95310
298
82910
44692
84693
68977
53190
49118
20470
54052
59492
44936
52457
90495
16524
23128
27617
32776
52243
62900
47877
67261
57048
31090
59896
31790
50315
90101
26709
91698
61255
71343
62891
10480
8864
51453
6706
44080
97950
8073
62897
65479
2573
67871
78792
90871
52401
17222
79090
11230
48514
48529
59838
33832
86087
25809
58759
28726
40122
54040
99049
66164
28241
15129
80821
83431
63347
51323
31472
6530
8221
36271
85731
73078
37673
99218
34245
4611
99688
45980
60894
72397
1069
36617
63872
21127
57890
66836
2069
91851
88723
46133
14617
76879
20487
5
78195
86910
63825
40727
35849
18126
3271
76788
31428
31788
76461
11919
47576
9112
74965
43905
65482
16090
67541
51418
64594
80415
9834
7201
37946
15699
75770
4934
91764
60651
28496
16626
77007
31443
81011
81282
58591
46656
22937
20256
55893
29550
65747
56494
99408
4923
22910
58173
34599
56057
60884
55931
70252
23944
59581
31763
82737
17471
82087
73459
85051
73016
76960
43370
71171
24790
58900
27797
28919
12388
66356
29084
87598
5110
13681
60337
77109
90230
4004
5354
78141
31594
50459
77140
60495
13337
72141
9081
31072
8283
90519
21796
90714
92791
34785
56171
69278
84910
91541
55942
5628
94603
26233
6876
10766
551
852
74151
67473
95262
98715
68405
49895
82923
25029
15630
16478
24058
90543
94539
16387
38432
52227
55271
22967
97667
10277
54292
60756
72534
7444
64963
81677
54912
32
56477
67681
66871
57379
94617
71461
6353
93926
30134
99033
50637
65560
33887
58726
71276
50272
67099
75018
76425
72660
53649
54250
76563
76736
75455
8115
66487
79706
27007
39424
12821
79510
80793
74970
70631
79189
70718
77932
75200
27917
91223
59565
51100
88268
30342
7954
53699
49293
92139
18268
52423
57980
86272
38825
95067
38637
88877
25431
42037
51746
1337
78765
13611
77423
18249
85468
6617
79483
34459
72709
57491
57770
51690
50823
93883
45284
80411
41300
79285
50789
28081
3092
48633
86748
54107
26532
62872
3730
44620
91598
61889
81000
40627
61772
89071
66465
99783
25154
27073
56110
66619
25553
90582
16886
37910
522
23801
9247
72472
48255
54194
47947
50388
78136
4052
22806
95639
21138
47060
69602
4548
3031
97927
79244
27102
24359
60852
54837
42168
79215
4989
54360
65453
72317
8610
17651
95702
54513
78333
24753
10518
97284
91177
53755
46883
45780
27298
19836
90734
17534
99599
46499
81259
28048
44145
15130
22546
64689
36137
1744
46161
60395
27975
1540
2907
58591
8209
34437
9935
46188
7102
26266
68770
41765
52525
65456
92394
43730
75099
7233
72382
70833
87450
12164
26394
16407
52896
15698
65744
91263
78174
7788
4334
61243
74785
92370
40753
89067
95476
85283
48485
81889
79199
66599
46226
14349
13829
71468
40063
58019
20397
18882
78359
59519
19299
55141
6194
26098
47611
36350
7320
27851
30891
24699
610
70169
96754
86282
6452
88815
14338
50797
58228
20094
33448
83466
23713
17995
53687
9844
33969
97253
29695
47822
84115
91112
71248
17874
97049
56742
51285
93781
7001
2753
8189
92882
68555
10655
78921
92055
99962
76218
15553
80766
91065
34521
98864
86621
43454
87254
33044
61181
44048
85498
5653
4077
33117
30755
27687
48040
53176
56041
95180
55446
3719
16210
67130
68247
85638
83338
73966
23783
88574
33139
70037
24500
68069
52156
93724
20049
27141
57674
60592
23071
95913
81691
7266
54468
64884
601
76807
84831
90830
63970
88206
909
14818
88777
90804
12425
81050
25242
54517
68926
4570
27225
61491
72347
3977
50573
95365
69186
71620
87029
57679
5629
48501
74638
28891
47133
27145
23373
95141
62690
35558
76608
92558
15296
84633
39775
80004
88971
1096
96752
45817
31258
96530
39853
84593
45340
29668
72223
88246
24788
50379
62960
40517
27404
33927
89480
56966
50927
70264
37706
5151
79979
68934
53257
39964
74238
78857
99878
41952
30044
46169
25356
30715
14150
66379
5220
10637
96414
71692
18978
27165
11500
44862
96110
12488
70357
33884
39363
64974
9596
73373
80230
79390
41792
74481
8150
76365
70326
37043
36397
77418
57187
15736
79593
1154
55996
73566
69494
52364
22853
2012
89625
6428
26343
72725
15164
87415
26085
12918
31975
69025
40666
38656
96683
78322
22627
40790
